name: tfdeeplearning
channels:
  - defaults
dependencies:
  - blas=1.0=mkl
  - bleach=1.5.0=py35_0
  - bokeh=0.13.0=py35_0
  - bzip2=1.0.6=hfa6e2cd_5
  - certifi=2016.2.28=py35_0
  - click=6.7=py35h10df73f_0
  - cloudpickle=0.5.5=py35_0
  - colorama=0.3.9=py35_0
  - cycler=0.10.0=py35_0
  - cytoolz=0.9.0.1=py35hfa6e2cd_1
  - dask=0.19.2=py35_0
  - dask-core=0.19.2=py35_0
  - decorator=4.1.2=py35_0
  - distributed=1.23.2=py35_0
  - entrypoints=0.2.3=py35_0
  - freetype=2.5.5=vc14_2
  - heapdict=1.0.0=py35_2
  - html5lib=0.9999999=py35_0
  - icu=57.1=vc14_0
  - imageio=2.4.1=py35_0
  - ipykernel=4.6.1=py35_0
  - ipython=6.1.0=py35_0
  - ipython_genutils=0.2.0=py35_0
  - ipywidgets=6.0.0=py35_0
  - jedi=0.10.2=py35_2
  - jinja2=2.9.6=py35_0
  - jpeg=9b=vc14_0
  - jsonschema=2.6.0=py35_0
  - jupyter=1.0.0=py35_3
  - jupyter_client=5.1.0=py35_0
  - jupyter_console=5.2.0=py35_0
  - jupyter_core=4.3.0=py35_0
  - libpng=1.6.30=vc14_1
  - libtiff=4.0.9=h36446d0_2
  - locket=0.2.0=py35h0dfcdd0_1
  - markupsafe=1.0=py35_0
  - matplotlib=2.0.2=np113py35_0
  - mistune=0.7.4=py35_0
  - mkl=2017.0.3=0
  - msgpack-python=0.5.6=py35he980bc4_1
  - nbconvert=5.2.1=py35_0
  - nbformat=4.4.0=py35_0
  - networkx=2.1=py35_0
  - notebook=5.0.0=py35_0
  - numpy=1.13.1=py35_0
  - olefile=0.46=py35_0
  - openssl=1.0.2l=vc14_0
  - packaging=17.1=py35_0
  - pandas=0.20.3=py35_0
  - pandocfilters=1.4.2=py35_0
  - partd=0.3.8=py35h894d1e4_0
  - path.py=10.3.1=py35_0
  - pickleshare=0.7.4=py35_0
  - pillow=4.2.1=py35_0
  - pip=9.0.1=py35_1
  - prompt_toolkit=1.0.15=py35_0
  - psutil=5.4.7=py35hfa6e2cd_0
  - pygments=2.2.0=py35_0
  - pyparsing=2.2.0=py35_0
  - pyqt=5.6.0=py35_2
  - python=3.5.4=0
  - python-dateutil=2.6.1=py35_0
  - pytz=2017.2=py35_0
  - pywavelets=1.0.0=py35h452e1ab_0
  - pyyaml=3.13=py35hfa6e2cd_0
  - pyzmq=16.0.2=py35_0
  - qt=5.6.2=vc14_6
  - qtconsole=4.3.1=py35_0
  - requests=2.14.2=py35_0
  - scikit-image=0.13.1=py35hfa6e2cd_1
  - scikit-learn=0.19.0=np113py35_0
  - scipy=0.19.1=np113py35_0
  - setuptools=36.4.0=py35_1
  - simplegeneric=0.8.1=py35_1
  - sip=4.18=py35_0
  - six=1.10.0=py35_1
  - sortedcontainers=2.0.5=py35_0
  - tblib=1.3.2=py35hd2cf7e1_0
  - testpath=0.3.1=py35_0
  - tk=8.5.18=vc14_0
  - toolz=0.9.0=py35_0
  - tornado=4.5.2=py35_0
  - traitlets=4.3.2=py35_0
  - vc=14=h0510ff6_3
  - vs2015_runtime=14.0.25420=0
  - wcwidth=0.1.7=py35_0
  - wheel=0.29.0=py35_0
  - widgetsnbextension=3.0.2=py35_0
  - win_unicode_console=0.5=py35_0
  - wincertstore=0.2=py35_0
  - yaml=0.1.7=hc54c509_2
  - zict=0.1.3=py35_0
  - zlib=1.2.11=vc14_0
prefix: C:\Users\Rob\Anaconda3\envs\tfdeeplearning

